start=5619.266667
volume=80.000000
border=no
