start=9227.050000
volume=110.000000
border=no
